# unix_time, cycles_done, cur_path, paths_total, pending_total, pending_favs, map_size, unique_crashes, unique_hangs, max_depth, execs_per_sec
1776661794, 0, 0, 1, 1, 1, 0.01%, 0, 0, 1, 2666.67
1776661799, 2, 9, 19, 13, 0, 0.02%, 0, 0, 3, 9346.88
1776661804, 3, 16, 22, 11, 0, 0.02%, 0, 0, 4, 10153.36
1776661809, 7, 22, 23, 6, 0, 0.02%, 0, 0, 5, 10729.05
1776661814, 24, 7, 23, 0, 0, 0.02%, 0, 0, 5, 10844.46
1776661819, 79, 19, 23, 0, 0, 0.02%, 0, 0, 5, 11215.05
1776661825, 124, 8, 23, 0, 0, 0.02%, 0, 0, 5, 10977.56
1776661830, 164, 1, 23, 0, 0, 0.02%, 0, 0, 5, 10533.60
1776661835, 203, 15, 23, 0, 0, 0.02%, 0, 0, 5, 10786.09
1776661840, 242, 13, 23, 0, 0, 0.02%, 0, 0, 5, 11134.58
1776661845, 284, 20, 23, 0, 0, 0.02%, 0, 0, 5, 11202.96
1776661850, 330, 7, 23, 0, 0, 0.02%, 0, 0, 5, 11293.16
1776661855, 379, 7, 23, 0, 0, 0.02%, 0, 0, 5, 11265.82
1776661861, 428, 4, 23, 0, 0, 0.02%, 0, 0, 5, 11256.49
1776661866, 471, 16, 23, 0, 0, 0.02%, 0, 0, 5, 11166.04
1776661871, 517, 6, 23, 0, 0, 0.02%, 0, 0, 5, 11209.81
1776661876, 562, 12, 23, 0, 0, 0.02%, 0, 0, 5, 11213.21
1776661881, 614, 6, 23, 0, 0, 0.02%, 0, 0, 5, 11266.85
1776661887, 659, 3, 23, 0, 0, 0.02%, 0, 0, 5, 10210.45
1776661892, 702, 7, 23, 0, 0, 0.02%, 0, 0, 5, 10861.94
1776661897, 741, 7, 23, 0, 0, 0.02%, 0, 0, 5, 10456.04
1776661902, 781, 12, 23, 0, 0, 0.02%, 0, 0, 5, 10623.01
1776661907, 826, 5, 23, 0, 0, 0.02%, 0, 0, 5, 10695.70
1776661912, 877, 18, 23, 0, 0, 0.02%, 0, 0, 5, 10811.12
1776661917, 915, 8, 23, 0, 0, 0.02%, 0, 0, 5, 10948.11
1776661922, 957, 18, 23, 0, 0, 0.02%, 0, 0, 5, 11021.38
1776661928, 996, 8, 23, 0, 0, 0.02%, 0, 0, 5, 11026.80
1776661933, 1040, 11, 23, 0, 0, 0.02%, 0, 0, 5, 10982.42
1776661938, 1084, 7, 23, 0, 0, 0.02%, 0, 0, 5, 11084.04
1776661943, 1127, 18, 23, 0, 0, 0.02%, 0, 0, 5, 11032.35
1776661948, 1173, 5, 23, 0, 0, 0.02%, 0, 0, 5, 11031.97
1776661953, 1217, 19, 23, 0, 0, 0.02%, 0, 1, 5, 10989.83
1776661958, 1263, 8, 23, 0, 0, 0.02%, 0, 1, 5, 11011.83
1776661963, 1307, 7, 23, 0, 0, 0.02%, 0, 1, 5, 10972.53
1776661969, 1344, 5, 23, 0, 0, 0.02%, 0, 1, 5, 10949.06
1776661974, 1388, 7, 23, 0, 0, 0.02%, 0, 1, 5, 10685.24
1776661979, 1432, 2, 23, 0, 0, 0.02%, 0, 1, 5, 10893.72
1776661984, 1476, 7, 23, 0, 0, 0.02%, 0, 1, 5, 9942.13
1776661989, 1513, 12, 23, 0, 0, 0.02%, 0, 1, 5, 9380.66
1776661994, 1563, 7, 23, 0, 0, 0.02%, 0, 1, 5, 10585.29
1776661999, 1609, 7, 23, 0, 0, 0.02%, 0, 1, 5, 10762.20
1776662004, 1650, 0, 23, 0, 0, 0.02%, 0, 1, 5, 10502.84
1776662010, 1699, 3, 23, 0, 0, 0.02%, 0, 1, 5, 10707.06
1776662015, 1736, 20, 23, 0, 0, 0.02%, 0, 1, 5, 10387.15
1776662020, 1779, 21, 23, 0, 0, 0.02%, 0, 1, 5, 10514.91
1776662025, 1821, 11, 23, 0, 0, 0.02%, 0, 1, 5, 9941.88
1776662030, 1856, 4, 23, 0, 0, 0.02%, 0, 1, 5, 10184.61
1776662035, 1891, 20, 23, 0, 0, 0.02%, 0, 1, 5, 10230.69
1776662040, 1931, 9, 23, 0, 0, 0.02%, 0, 1, 5, 9594.61
1776662045, 1972, 21, 23, 0, 0, 0.02%, 0, 1, 5, 9349.15
1776662051, 2010, 13, 23, 0, 0, 0.02%, 0, 1, 5, 10229.85
1776662056, 2055, 10, 23, 0, 0, 0.02%, 0, 1, 5, 10675.87
1776662061, 2100, 13, 23, 0, 0, 0.02%, 0, 1, 5, 10817.52
1776662066, 2146, 8, 23, 0, 0, 0.02%, 0, 1, 5, 10845.84
1776662071, 2195, 5, 23, 0, 0, 0.02%, 0, 1, 5, 10816.22
1776662076, 2241, 7, 23, 0, 0, 0.02%, 0, 1, 5, 10930.46
1776662081, 2285, 11, 23, 0, 0, 0.02%, 0, 1, 5, 10904.77
1776662087, 2329, 19, 23, 0, 0, 0.02%, 0, 1, 5, 10937.69
1776662092, 2377, 7, 23, 0, 0, 0.02%, 0, 1, 5, 10899.25
1776662097, 2422, 21, 23, 0, 0, 0.02%, 0, 1, 5, 10870.50
1776662102, 2462, 4, 23, 0, 0, 0.02%, 0, 1, 5, 10923.40
1776662107, 2509, 8, 23, 0, 0, 0.02%, 0, 1, 5, 10911.57
1776662112, 2546, 1, 23, 0, 0, 0.02%, 0, 1, 5, 10595.08
1776662117, 2589, 22, 23, 0, 0, 0.02%, 0, 1, 5, 10794.64
1776662122, 2642, 21, 23, 0, 0, 0.02%, 0, 1, 5, 10846.31
1776662128, 2683, 22, 23, 0, 0, 0.02%, 0, 1, 5, 10801.21
1776662133, 2722, 8, 23, 0, 0, 0.02%, 0, 1, 5, 10786.73
1776662138, 2765, 17, 23, 0, 0, 0.02%, 0, 1, 5, 10761.31
1776662143, 2808, 21, 23, 0, 0, 0.02%, 0, 1, 5, 10850.00
1776662148, 2858, 8, 23, 0, 0, 0.02%, 0, 1, 5, 10897.18
1776662153, 2908, 22, 23, 0, 0, 0.02%, 0, 1, 5, 10857.68
1776662158, 2948, 19, 23, 0, 0, 0.02%, 0, 1, 5, 10802.35
1776662164, 2987, 22, 23, 0, 0, 0.02%, 0, 1, 5, 10813.55
1776662169, 3037, 9, 23, 0, 0, 0.02%, 0, 1, 5, 10860.95
1776662174, 3076, 8, 23, 0, 0, 0.02%, 0, 1, 5, 10692.70
1776662179, 3118, 9, 23, 0, 0, 0.02%, 0, 1, 5, 10730.74
1776662184, 3166, 12, 23, 0, 0, 0.02%, 0, 1, 5, 10440.11
1776662189, 3202, 22, 23, 0, 0, 0.02%, 0, 1, 5, 9302.19
1776662194, 3241, 22, 23, 0, 0, 0.02%, 0, 1, 5, 9354.42
1776662200, 3282, 5, 23, 0, 0, 0.02%, 0, 1, 5, 10116.92
1776662205, 3328, 7, 23, 0, 0, 0.02%, 0, 1, 5, 10694.72
1776662210, 3374, 6, 23, 0, 0, 0.02%, 0, 1, 5, 10868.29
1776662215, 3421, 2, 23, 0, 0, 0.02%, 0, 1, 5, 10795.77
1776662220, 3467, 7, 23, 0, 0, 0.02%, 0, 1, 5, 10845.82
1776662225, 3519, 20, 23, 0, 0, 0.02%, 0, 1, 5, 10860.35
1776662230, 3560, 7, 23, 0, 0, 0.02%, 0, 1, 5, 10887.60
1776662235, 3598, 2, 23, 0, 0, 0.02%, 0, 1, 5, 10845.74
1776662241, 3640, 16, 23, 0, 0, 0.02%, 0, 1, 5, 10562.42
1776662246, 3687, 8, 23, 0, 0, 0.02%, 0, 1, 5, 10720.36
1776662251, 3738, 8, 23, 0, 0, 0.02%, 0, 1, 5, 10863.48
1776662256, 3782, 17, 23, 0, 0, 0.02%, 0, 1, 5, 11005.12
1776662261, 3824, 5, 23, 0, 0, 0.02%, 0, 1, 5, 11054.59
1776662266, 3861, 18, 23, 0, 0, 0.02%, 0, 1, 5, 10956.17
1776662271, 3905, 21, 23, 0, 0, 0.02%, 0, 1, 5, 10936.82
1776662277, 3948, 10, 23, 0, 0, 0.02%, 0, 1, 5, 10862.32
1776662282, 3989, 7, 23, 0, 0, 0.02%, 0, 1, 5, 10905.47
1776662287, 4034, 19, 23, 0, 0, 0.02%, 0, 1, 5, 10889.87
1776662292, 4078, 19, 23, 0, 0, 0.02%, 0, 1, 5, 10829.73
1776662297, 4122, 7, 23, 0, 0, 0.02%, 0, 1, 5, 10828.74
1776662302, 4170, 9, 23, 0, 0, 0.02%, 0, 1, 5, 10866.99
1776662307, 4217, 8, 23, 0, 0, 0.02%, 0, 1, 5, 10688.55
1776662313, 4261, 15, 23, 0, 0, 0.02%, 0, 1, 5, 10645.97
1776662318, 4310, 9, 23, 0, 0, 0.02%, 0, 1, 5, 10624.96
1776662323, 4359, 7, 23, 0, 0, 0.02%, 0, 1, 5, 10694.49
1776662328, 4391, 8, 23, 0, 0, 0.02%, 0, 1, 5, 10351.82
1776662333, 4436, 7, 23, 0, 0, 0.02%, 0, 1, 5, 10677.78
1776662338, 4481, 8, 23, 0, 0, 0.02%, 0, 1, 5, 10800.03
1776662343, 4526, 15, 23, 0, 0, 0.02%, 0, 1, 5, 10858.19
1776662348, 4570, 18, 23, 0, 0, 0.02%, 0, 1, 5, 10870.59
1776662354, 4616, 7, 23, 0, 0, 0.02%, 0, 1, 5, 10819.25
1776662359, 4666, 4, 23, 0, 0, 0.02%, 0, 1, 5, 10886.41
1776662364, 4706, 9, 23, 0, 0, 0.02%, 0, 1, 5, 10739.01
1776662369, 4745, 22, 23, 0, 0, 0.02%, 0, 1, 5, 10853.18
1776662374, 4789, 17, 23, 0, 0, 0.02%, 0, 1, 5, 10793.00
1776662379, 4829, 13, 23, 0, 0, 0.02%, 0, 1, 5, 10564.95
1776662384, 4874, 16, 23, 0, 0, 0.02%, 0, 1, 5, 10722.73
1776662389, 4919, 15, 23, 0, 0, 0.02%, 0, 1, 5, 10782.66
