# unix_time, cycles_done, cur_path, paths_total, pending_total, pending_favs, map_size, unique_crashes, unique_hangs, max_depth, execs_per_sec
1776575893, 0, 0, 1, 1, 1, 0.03%, 0, 0, 1, 0.00
1776575898, 1, 25, 37, 26, 0, 0.06%, 0, 0, 3, 9880.08
1776575903, 2, 39, 40, 18, 0, 0.06%, 0, 5, 3, 8470.36
1776575908, 5, 42, 45, 12, 0, 0.06%, 0, 7, 5, 9145.06
1776575913, 8, 43, 46, 6, 0, 0.06%, 0, 8, 5, 8328.71
1776575919, 13, 2, 46, 3, 0, 0.06%, 0, 9, 5, 8282.62
1776575924, 22, 44, 46, 1, 0, 0.06%, 0, 9, 5, 8800.64
1776575929, 33, 19, 46, 0, 0, 0.06%, 0, 10, 5, 8521.18
1776575934, 48, 6, 46, 0, 0, 0.06%, 0, 10, 5, 8806.29
1776575939, 67, 1, 46, 0, 0, 0.06%, 0, 10, 5, 9244.54
1776575944, 86, 2, 46, 0, 0, 0.06%, 0, 10, 5, 9464.06
1776575949, 106, 39, 46, 0, 0, 0.06%, 0, 10, 5, 9751.31
1776575954, 122, 40, 46, 0, 0, 0.06%, 0, 10, 5, 9358.51
1776575959, 138, 5, 46, 0, 0, 0.06%, 0, 10, 5, 9035.72
1776575965, 157, 1, 46, 0, 0, 0.06%, 0, 10, 5, 9317.78
1776575970, 175, 18, 46, 0, 0, 0.06%, 0, 10, 5, 9355.84
1776575975, 192, 38, 46, 0, 0, 0.06%, 0, 10, 5, 9338.68
1776575980, 206, 2, 46, 0, 0, 0.06%, 0, 10, 5, 8719.74
1776575985, 222, 33, 46, 0, 0, 0.06%, 0, 10, 5, 9101.77
1776575990, 241, 19, 46, 0, 0, 0.06%, 0, 10, 5, 9283.34
1776575995, 258, 5, 46, 0, 0, 0.06%, 0, 10, 5, 9176.69
1776576001, 278, 44, 46, 0, 0, 0.06%, 0, 10, 5, 9737.40
1776576006, 294, 37, 46, 0, 0, 0.06%, 0, 10, 5, 9271.52
1776576011, 308, 5, 46, 0, 0, 0.06%, 0, 10, 5, 8918.76
1776576016, 323, 2, 46, 0, 0, 0.06%, 0, 10, 5, 8681.43
1776576021, 339, 44, 46, 0, 0, 0.06%, 0, 10, 5, 8983.64
1776576026, 356, 33, 46, 0, 0, 0.06%, 0, 10, 5, 9246.24
1776576031, 371, 2, 46, 0, 0, 0.06%, 0, 10, 5, 8909.38
1776576036, 387, 5, 46, 0, 0, 0.06%, 0, 10, 5, 8499.07
1776576042, 405, 44, 46, 0, 0, 0.06%, 0, 10, 5, 8591.56
1776576047, 423, 5, 46, 0, 0, 0.06%, 0, 10, 5, 9031.09
1776576052, 440, 41, 46, 0, 0, 0.06%, 0, 10, 5, 9271.24
1776576057, 456, 5, 46, 0, 0, 0.06%, 0, 10, 5, 7997.30
1776576062, 473, 14, 46, 0, 0, 0.06%, 0, 10, 5, 8989.22
1776576067, 489, 42, 46, 0, 0, 0.06%, 0, 10, 5, 8892.25
1776576072, 508, 2, 46, 0, 0, 0.06%, 0, 10, 5, 8965.10
1776576077, 523, 31, 46, 0, 0, 0.06%, 0, 10, 5, 9147.49
1776576082, 540, 4, 46, 0, 0, 0.06%, 0, 10, 5, 9119.53
1776576087, 556, 27, 46, 0, 0, 0.06%, 0, 10, 5, 8992.67
1776576092, 575, 4, 46, 0, 0, 0.06%, 0, 10, 5, 8896.67
1776576098, 590, 4, 46, 0, 0, 0.06%, 0, 10, 5, 8581.34
1776576103, 607, 15, 46, 0, 0, 0.06%, 0, 10, 5, 9016.51
1776576108, 622, 17, 46, 0, 0, 0.06%, 0, 10, 5, 9061.06
1776576113, 637, 19, 46, 0, 0, 0.06%, 0, 10, 5, 8995.49
1776576118, 653, 22, 46, 0, 0, 0.06%, 0, 10, 5, 8838.91
1776576123, 670, 5, 46, 0, 0, 0.06%, 0, 10, 5, 8892.34
1776576128, 685, 30, 46, 0, 0, 0.06%, 0, 10, 5, 8995.86
1776576133, 702, 6, 46, 0, 0, 0.06%, 0, 10, 5, 9053.39
1776576139, 717, 44, 46, 0, 0, 0.06%, 0, 10, 5, 8508.34
1776576144, 737, 20, 46, 0, 0, 0.06%, 0, 10, 5, 9355.16
1776576149, 751, 38, 46, 0, 0, 0.06%, 0, 10, 5, 9150.75
1776576154, 767, 45, 46, 0, 0, 0.06%, 0, 10, 5, 9206.82
1776576159, 786, 1, 46, 0, 0, 0.06%, 0, 10, 5, 9293.59
1776576164, 802, 19, 46, 0, 0, 0.06%, 0, 10, 5, 9144.79
1776576169, 820, 4, 46, 0, 0, 0.06%, 0, 10, 5, 9357.19
1776576175, 837, 43, 46, 0, 0, 0.06%, 0, 10, 5, 8654.43
1776576180, 858, 4, 46, 0, 0, 0.06%, 0, 10, 5, 9362.08
1776576185, 876, 15, 46, 0, 0, 0.06%, 0, 10, 5, 9479.49
1776576190, 891, 5, 46, 0, 0, 0.06%, 0, 10, 5, 8635.87
1776576195, 907, 6, 46, 0, 0, 0.06%, 0, 10, 5, 8792.06
1776576200, 923, 41, 46, 0, 0, 0.06%, 0, 10, 5, 9126.14
1776576205, 941, 5, 46, 0, 0, 0.06%, 0, 10, 5, 9273.37
1776576211, 958, 6, 46, 0, 0, 0.06%, 0, 10, 5, 9092.95
1776576216, 975, 15, 46, 0, 0, 0.06%, 0, 10, 5, 8677.48
1776576221, 994, 6, 46, 0, 0, 0.06%, 0, 10, 5, 9080.80
1776576226, 1007, 44, 46, 0, 0, 0.06%, 0, 10, 5, 6193.74
1776576231, 1022, 38, 46, 0, 0, 0.06%, 0, 10, 5, 7973.65
1776576236, 1039, 24, 46, 0, 0, 0.06%, 0, 10, 5, 9015.14
1776576241, 1057, 6, 46, 0, 0, 0.06%, 0, 10, 5, 9071.60
1776576246, 1076, 2, 46, 0, 0, 0.06%, 0, 10, 5, 9207.77
1776576251, 1090, 42, 46, 0, 0, 0.06%, 0, 10, 5, 8722.20
1776576257, 1106, 11, 46, 0, 0, 0.06%, 0, 10, 5, 8884.19
1776576262, 1123, 41, 46, 0, 0, 0.06%, 0, 10, 5, 9295.95
1776576267, 1141, 4, 46, 0, 0, 0.06%, 0, 10, 5, 9386.53
1776576272, 1159, 2, 46, 0, 0, 0.06%, 0, 10, 5, 9538.24
1776576277, 1176, 1, 46, 0, 0, 0.06%, 0, 10, 5, 9464.67
1776576282, 1189, 43, 46, 0, 0, 0.06%, 0, 10, 5, 8450.59
1776576287, 1205, 6, 46, 0, 0, 0.06%, 0, 10, 5, 8389.98
1776576292, 1221, 32, 46, 0, 0, 0.06%, 0, 10, 5, 9271.38
1776576298, 1238, 1, 46, 0, 0, 0.06%, 0, 10, 5, 8741.50
1776576303, 1257, 1, 46, 0, 0, 0.06%, 0, 10, 5, 9217.92
1776576308, 1270, 25, 46, 0, 0, 0.06%, 0, 10, 5, 8535.77
1776576313, 1286, 15, 46, 0, 0, 0.06%, 0, 10, 5, 8743.75
1776576318, 1300, 12, 46, 0, 0, 0.06%, 0, 10, 5, 9305.84
1776576323, 1317, 44, 46, 0, 0, 0.06%, 0, 10, 5, 9234.73
1776576329, 1338, 6, 46, 0, 0, 0.06%, 0, 10, 5, 9554.73
1776576334, 1353, 6, 46, 0, 0, 0.06%, 0, 10, 5, 9405.54
1776576339, 1372, 15, 46, 0, 0, 0.06%, 0, 10, 5, 9331.59
1776576344, 1389, 6, 46, 0, 0, 0.06%, 0, 10, 5, 9456.67
1776576349, 1406, 21, 46, 0, 0, 0.06%, 0, 10, 5, 8775.95
1776576354, 1424, 7, 46, 0, 0, 0.06%, 0, 10, 5, 9054.47
1776576360, 1441, 44, 46, 0, 0, 0.06%, 0, 10, 5, 9099.82
1776576365, 1457, 4, 46, 0, 0, 0.06%, 0, 10, 5, 8702.43
1776576370, 1473, 5, 46, 0, 0, 0.06%, 0, 10, 5, 8844.47
1776576375, 1493, 1, 46, 0, 0, 0.06%, 0, 10, 5, 9228.04
1776576380, 1509, 10, 46, 0, 0, 0.06%, 0, 10, 5, 9234.01
1776576385, 1526, 29, 46, 0, 0, 0.06%, 0, 10, 5, 9212.34
1776576390, 1543, 42, 46, 0, 0, 0.06%, 0, 10, 5, 9407.51
1776576396, 1560, 6, 46, 0, 0, 0.06%, 0, 10, 5, 9083.60
1776576401, 1576, 5, 46, 0, 0, 0.06%, 0, 10, 5, 8893.23
1776576406, 1593, 5, 46, 0, 0, 0.06%, 0, 10, 5, 9147.07
1776576411, 1610, 19, 46, 0, 0, 0.06%, 0, 10, 5, 9336.47
1776576416, 1628, 6, 46, 0, 0, 0.06%, 0, 10, 5, 9244.93
1776576421, 1642, 38, 46, 0, 0, 0.06%, 0, 10, 5, 8896.82
1776576427, 1658, 4, 46, 0, 0, 0.06%, 0, 10, 5, 8642.18
1776576432, 1678, 27, 46, 0, 0, 0.06%, 0, 10, 5, 9125.25
1776576437, 1695, 43, 46, 0, 0, 0.06%, 0, 10, 5, 9249.87
1776576442, 1714, 4, 46, 0, 0, 0.06%, 0, 10, 5, 9368.06
1776576447, 1730, 19, 46, 0, 0, 0.06%, 0, 10, 5, 9221.60
1776576452, 1747, 40, 46, 0, 0, 0.06%, 0, 10, 5, 9558.32
1776576457, 1765, 35, 46, 0, 0, 0.06%, 0, 10, 5, 9128.80
1776576462, 1782, 41, 46, 0, 0, 0.06%, 0, 10, 5, 9245.83
1776576468, 1801, 19, 46, 0, 0, 0.06%, 0, 10, 5, 9350.29
1776576473, 1815, 2, 46, 0, 0, 0.06%, 0, 10, 5, 8399.86
1776576478, 1830, 2, 46, 0, 0, 0.06%, 0, 10, 5, 8624.42
1776576483, 1847, 2, 46, 0, 0, 0.06%, 0, 10, 5, 9102.86
1776576488, 1863, 43, 46, 0, 0, 0.06%, 0, 10, 5, 9147.16
