# unix_time, cycles_done, cur_path, paths_total, pending_total, pending_favs, map_size, unique_crashes, unique_hangs, max_depth, execs_per_sec
1776574382, 0, 0, 1, 1, 1, 0.03%, 0, 0, 1, 4000.00
1776574387, 0, 24, 41, 34, 0, 0.05%, 0, 0, 3, 9264.69
1776574392, 1, 35, 45, 27, 0, 0.05%, 0, 1, 4, 9925.25
1776574397, 3, 4, 46, 17, 0, 0.05%, 0, 3, 4, 9189.31
1776574403, 6, 7, 48, 9, 0, 0.05%, 0, 4, 4, 10209.47
1776574408, 14, 16, 48, 0, 0, 0.05%, 0, 5, 4, 7675.23
1776574413, 18, 1, 50, 0, 0, 0.05%, 0, 5, 6, 9446.31
1776574418, 35, 1, 50, 0, 0, 0.05%, 0, 5, 6, 9705.37
1776574423, 48, 48, 50, 0, 0, 0.05%, 0, 7, 6, 8322.54
1776574428, 61, 49, 50, 0, 0, 0.05%, 0, 7, 6, 8795.19
1776574434, 75, 6, 50, 0, 0, 0.05%, 0, 7, 6, 9656.94
1776574439, 90, 16, 50, 0, 0, 0.05%, 0, 7, 6, 9721.08
1776574444, 107, 6, 50, 0, 0, 0.05%, 0, 7, 6, 9558.87
1776574449, 122, 23, 50, 0, 0, 0.05%, 0, 7, 6, 9711.47
1776574454, 135, 50, 51, 1, 0, 0.05%, 0, 7, 7, 9709.41
1776574459, 146, 44, 51, 0, 0, 0.05%, 0, 7, 7, 9191.26
1776574464, 163, 9, 51, 0, 0, 0.05%, 0, 7, 7, 9392.84
1776574469, 177, 2, 51, 0, 0, 0.05%, 0, 7, 7, 9482.15
1776574475, 193, 40, 52, 1, 0, 0.05%, 0, 7, 7, 9450.13
1776574480, 204, 0, 52, 0, 0, 0.05%, 0, 7, 7, 9474.79
1776574485, 220, 1, 52, 0, 0, 0.05%, 0, 7, 7, 9747.18
1776574490, 231, 4, 52, 0, 0, 0.05%, 0, 7, 7, 9344.61
1776574495, 246, 51, 52, 0, 0, 0.05%, 0, 7, 7, 9358.65
1776574500, 255, 51, 52, 0, 0, 0.05%, 0, 7, 7, 9528.26
1776574505, 268, 51, 52, 0, 0, 0.05%, 0, 7, 7, 9554.30
1776574511, 275, 1, 53, 0, 0, 0.05%, 0, 7, 7, 9295.35
1776574516, 290, 51, 53, 0, 0, 0.05%, 0, 7, 7, 8974.36
1776574521, 305, 28, 53, 0, 0, 0.05%, 0, 7, 7, 9238.98
1776574526, 318, 16, 53, 0, 0, 0.05%, 0, 7, 7, 9407.76
1776574531, 330, 5, 53, 0, 0, 0.05%, 0, 7, 7, 9552.60
1776574536, 341, 52, 53, 0, 0, 0.05%, 0, 7, 7, 9350.66
1776574541, 353, 26, 53, 0, 0, 0.05%, 0, 7, 7, 8947.08
1776574547, 367, 35, 53, 0, 0, 0.05%, 0, 7, 7, 9416.76
1776574552, 379, 41, 53, 0, 0, 0.05%, 0, 7, 7, 9293.49
1776574557, 395, 2, 53, 0, 0, 0.05%, 0, 7, 7, 7287.32
1776574562, 406, 27, 53, 0, 0, 0.05%, 0, 8, 7, 9283.78
1776574567, 416, 16, 53, 0, 0, 0.05%, 0, 8, 7, 9343.67
1776574572, 430, 35, 53, 0, 0, 0.05%, 0, 8, 7, 9372.59
1776574578, 443, 16, 53, 0, 0, 0.05%, 0, 8, 7, 9824.53
1776574583, 456, 32, 53, 0, 0, 0.05%, 0, 8, 7, 9327.20
1776574588, 468, 49, 53, 0, 0, 0.05%, 0, 8, 7, 9171.10
1776574593, 481, 1, 53, 0, 0, 0.05%, 0, 8, 7, 9408.89
1776574598, 495, 51, 53, 0, 0, 0.05%, 0, 8, 7, 9547.84
1776574603, 508, 4, 53, 0, 0, 0.05%, 0, 8, 7, 9831.71
1776574608, 522, 1, 53, 0, 0, 0.05%, 0, 8, 7, 9751.86
1776574613, 535, 6, 53, 0, 0, 0.05%, 0, 8, 7, 9345.73
1776574618, 548, 2, 53, 0, 0, 0.05%, 0, 8, 7, 8788.12
1776574623, 562, 4, 53, 0, 0, 0.05%, 0, 8, 7, 8764.08
1776574629, 574, 15, 53, 0, 0, 0.05%, 0, 8, 7, 9185.84
1776574634, 587, 44, 53, 0, 0, 0.05%, 0, 8, 7, 9089.15
1776574639, 598, 2, 53, 0, 0, 0.05%, 0, 8, 7, 8869.40
1776574644, 614, 50, 53, 0, 0, 0.05%, 0, 8, 7, 9313.04
1776574649, 629, 16, 53, 0, 0, 0.05%, 0, 8, 7, 9104.97
1776574654, 639, 4, 53, 0, 0, 0.05%, 0, 8, 7, 9130.87
1776574659, 648, 41, 53, 0, 0, 0.05%, 0, 8, 7, 1184.73
1776574665, 659, 4, 53, 0, 0, 0.05%, 0, 8, 7, 9635.49
1776574670, 672, 2, 53, 0, 0, 0.05%, 0, 8, 7, 9027.06
1776574675, 684, 4, 53, 0, 0, 0.05%, 0, 8, 7, 9650.24
1776574680, 694, 50, 53, 0, 0, 0.05%, 0, 8, 7, 9416.42
1776574685, 705, 51, 53, 0, 0, 0.05%, 0, 8, 7, 9671.91
1776574690, 716, 3, 53, 0, 0, 0.05%, 0, 8, 7, 9437.18
1776574695, 730, 2, 53, 0, 0, 0.05%, 0, 8, 7, 9705.92
1776574701, 745, 1, 53, 0, 0, 0.05%, 0, 8, 7, 9702.17
1776574706, 756, 22, 53, 0, 0, 0.05%, 0, 8, 7, 9048.04
1776574711, 766, 1, 53, 0, 0, 0.05%, 0, 8, 7, 9264.26
1776574716, 775, 41, 53, 0, 0, 0.05%, 0, 8, 7, 9504.78
1776574721, 789, 52, 53, 0, 0, 0.05%, 0, 8, 7, 8222.03
1776574727, 805, 36, 53, 0, 0, 0.05%, 0, 8, 7, 9543.24
1776574732, 818, 50, 53, 0, 0, 0.05%, 0, 8, 7, 9451.72
1776574737, 835, 2, 53, 0, 0, 0.05%, 0, 8, 7, 9835.70
1776574742, 849, 6, 53, 0, 0, 0.05%, 0, 8, 7, 9502.18
1776574747, 863, 40, 53, 0, 0, 0.05%, 0, 8, 7, 9550.89
1776574752, 875, 42, 53, 0, 0, 0.05%, 0, 8, 7, 9294.41
1776574757, 887, 51, 53, 0, 0, 0.05%, 0, 8, 7, 9669.78
1776574763, 899, 45, 53, 0, 0, 0.05%, 0, 8, 7, 9808.40
1776574768, 916, 6, 53, 0, 0, 0.05%, 0, 8, 7, 9830.49
1776574773, 930, 3, 53, 0, 0, 0.05%, 0, 8, 7, 5526.55
1776574778, 945, 52, 53, 0, 0, 0.05%, 0, 8, 7, 8436.38
1776574783, 961, 1, 53, 0, 0, 0.05%, 0, 8, 7, 9640.38
1776574788, 975, 5, 53, 0, 0, 0.05%, 0, 8, 7, 9599.97
1776574793, 987, 1, 53, 0, 0, 0.05%, 0, 8, 7, 9636.40
1776574798, 998, 12, 53, 0, 0, 0.05%, 0, 8, 7, 9578.76
1776574804, 1015, 2, 53, 0, 0, 0.05%, 0, 8, 7, 9618.01
1776574809, 1028, 6, 53, 0, 0, 0.05%, 0, 8, 7, 9173.42
1776574814, 1041, 42, 53, 0, 0, 0.05%, 0, 8, 7, 9406.48
1776574819, 1059, 6, 53, 0, 0, 0.05%, 0, 8, 7, 9715.81
1776574824, 1070, 39, 53, 0, 0, 0.05%, 0, 8, 7, 9280.20
1776574829, 1087, 5, 53, 0, 0, 0.05%, 0, 8, 7, 9737.00
1776574834, 1102, 5, 53, 0, 0, 0.05%, 0, 8, 7, 9167.43
1776574840, 1114, 51, 53, 0, 0, 0.05%, 0, 8, 7, 9140.24
1776574845, 1127, 37, 53, 0, 0, 0.05%, 0, 8, 7, 9435.89
1776574850, 1140, 5, 53, 0, 0, 0.05%, 0, 8, 7, 9734.42
1776574855, 1154, 2, 53, 0, 0, 0.05%, 0, 8, 7, 9394.76
1776574860, 1166, 49, 53, 0, 0, 0.05%, 0, 8, 7, 9607.29
1776574865, 1179, 52, 53, 0, 0, 0.05%, 0, 8, 7, 9335.61
1776574870, 1194, 20, 53, 0, 0, 0.05%, 0, 8, 7, 9250.92
1776574876, 1210, 22, 53, 0, 0, 0.05%, 0, 8, 7, 9593.24
1776574881, 1226, 23, 53, 0, 0, 0.05%, 0, 8, 7, 9667.70
1776574886, 1238, 47, 53, 0, 0, 0.05%, 0, 8, 7, 7619.52
1776574891, 1252, 52, 53, 0, 0, 0.05%, 0, 8, 7, 9175.70
1776574896, 1269, 16, 53, 0, 0, 0.05%, 0, 8, 7, 9728.11
1776574901, 1283, 51, 53, 0, 0, 0.05%, 0, 8, 7, 9443.83
1776574906, 1298, 16, 53, 0, 0, 0.05%, 0, 8, 7, 9331.60
1776574911, 1312, 46, 53, 0, 0, 0.05%, 0, 8, 7, 9609.11
1776574917, 1326, 41, 53, 0, 0, 0.05%, 0, 8, 7, 546.08
1776574922, 1339, 6, 53, 0, 0, 0.05%, 0, 8, 7, 8789.45
1776574927, 1358, 6, 53, 0, 0, 0.05%, 0, 8, 7, 9504.34
1776574932, 1372, 6, 53, 0, 0, 0.05%, 0, 8, 7, 9545.77
1776574937, 1388, 46, 53, 0, 0, 0.05%, 0, 8, 7, 9702.12
1776574942, 1400, 31, 53, 0, 0, 0.05%, 0, 8, 7, 9586.85
1776574947, 1415, 41, 53, 0, 0, 0.05%, 0, 8, 7, 1601.99
1776574953, 1430, 5, 53, 0, 0, 0.05%, 0, 8, 7, 9552.74
1776574958, 1444, 46, 53, 0, 0, 0.05%, 0, 8, 7, 9317.13
1776574963, 1459, 46, 53, 0, 0, 0.05%, 0, 8, 7, 9453.82
1776574968, 1473, 4, 53, 0, 0, 0.05%, 0, 8, 7, 9486.48
1776574973, 1488, 2, 53, 0, 0, 0.05%, 0, 8, 7, 9264.44
