# unix_time, cycles_done, cur_path, paths_total, pending_total, pending_favs, map_size, unique_crashes, unique_hangs, max_depth, execs_per_sec
1776532287, 0, 0, 1, 1, 1, 0.00%, 0, 0, 1, 8000.00
1776532292, 28, 3, 4, 0, 0, 0.01%, 0, 0, 4, 10174.62
1776532297, 65, 3, 4, 0, 0, 0.01%, 0, 0, 4, 10919.93
1776532302, 104, 2, 4, 0, 0, 0.01%, 0, 0, 4, 11434.50
1776532307, 143, 0, 4, 0, 0, 0.01%, 0, 0, 4, 11679.38
1776532312, 181, 0, 4, 0, 0, 0.01%, 0, 0, 4, 11551.60
1776532317, 219, 3, 4, 0, 0, 0.01%, 0, 0, 4, 11429.77
1776532323, 256, 3, 4, 0, 0, 0.01%, 0, 0, 4, 11138.43
1776532328, 294, 3, 4, 0, 0, 0.01%, 0, 0, 4, 11314.83
1776532333, 333, 2, 4, 0, 0, 0.01%, 0, 0, 4, 11373.99
1776532338, 370, 3, 4, 0, 0, 0.01%, 0, 0, 4, 11131.14
1776532343, 406, 2, 4, 0, 0, 0.01%, 0, 0, 4, 10623.24
1776532348, 441, 1, 4, 0, 0, 0.01%, 0, 0, 4, 10538.30
1776532353, 473, 3, 4, 0, 0, 0.01%, 0, 0, 4, 10020.26
1776532358, 505, 0, 4, 0, 0, 0.01%, 0, 0, 4, 9489.67
1776532363, 534, 3, 4, 0, 0, 0.01%, 0, 0, 4, 9242.29
1776532369, 569, 0, 4, 0, 0, 0.01%, 0, 0, 4, 10066.58
1776532374, 603, 3, 4, 0, 0, 0.01%, 0, 0, 4, 10520.19
1776532379, 639, 3, 4, 0, 0, 0.01%, 0, 0, 4, 10600.01
1776532384, 675, 3, 4, 0, 0, 0.01%, 0, 0, 4, 10634.56
1776532389, 710, 3, 4, 0, 0, 0.01%, 0, 0, 4, 10637.06
1776532394, 745, 3, 4, 0, 0, 0.01%, 0, 0, 4, 10832.93
1776532399, 782, 3, 4, 0, 0, 0.01%, 0, 0, 4, 10907.74
1776532404, 818, 2, 4, 0, 0, 0.01%, 0, 0, 4, 10911.29
1776532409, 853, 2, 4, 0, 0, 0.01%, 0, 1, 4, 10763.41
1776532414, 889, 0, 4, 0, 0, 0.01%, 0, 1, 4, 10549.58
1776532420, 924, 3, 4, 0, 0, 0.01%, 0, 1, 4, 10601.43
1776532425, 959, 3, 4, 0, 0, 0.01%, 0, 1, 4, 10650.05
1776532430, 994, 3, 4, 0, 0, 0.01%, 0, 1, 4, 10702.85
1776532435, 1029, 3, 4, 0, 0, 0.01%, 0, 1, 4, 10643.74
1776532440, 1064, 3, 4, 0, 0, 0.01%, 0, 1, 4, 10665.50
1776532445, 1099, 3, 4, 0, 0, 0.01%, 0, 1, 4, 10685.36
1776532450, 1136, 2, 4, 0, 0, 0.01%, 0, 1, 4, 10866.88
1776532455, 1171, 2, 4, 0, 0, 0.01%, 0, 1, 4, 10670.67
1776532460, 1208, 0, 4, 0, 0, 0.01%, 0, 1, 4, 10921.37
1776532465, 1245, 3, 4, 0, 0, 0.01%, 0, 1, 4, 11098.15
1776532471, 1282, 3, 4, 0, 0, 0.01%, 0, 1, 4, 10954.09
1776532476, 1319, 2, 4, 0, 0, 0.01%, 0, 1, 4, 10877.40
1776532481, 1355, 0, 4, 0, 0, 0.01%, 0, 1, 4, 10623.83
1776532486, 1389, 3, 4, 0, 0, 0.01%, 0, 1, 4, 10591.20
1776532491, 1424, 2, 4, 0, 0, 0.01%, 0, 1, 4, 10534.23
1776532496, 1460, 3, 4, 0, 0, 0.01%, 0, 1, 4, 10624.12
1776532501, 1497, 3, 4, 0, 0, 0.01%, 0, 1, 4, 10982.17
1776532506, 1535, 1, 4, 0, 0, 0.01%, 0, 1, 4, 11071.60
